** Cube **
Point0: (0.353553, 0, 1.06066)
Point1: (1.06066, 0, 0.353553)
Point2: (1.06066, 1, 0.353553)
Point3: (0.353553, 1, 1.06066)
Point4: (-1.06066, 0, -0.353553)
Point5: (-1.06066, 1, -0.353553)
Point6: (-0.353553, 1, -1.06066)
Point7: (-0.353553, 0, -1.06066)
**********

